68,23
68,17
68,1
68,27
68,2
68,5
65,7
65,9
66,20
66,19
66,15
13,23
13,31
13,28
13,27
13,29
0,406
66,16
66,11
66,10
66,9
66,7
66,6
66,5
66,2
66,1
65,6
65,5
65,4
65,3
65,2
65,1
65,0
58,6
58,5
58,2
58,1
56,5
56,2
13,14
56,1
55,5
55,2
13,13
55,1
54,5
13,12
54,1
50,5
13,11
50,1
49,6
13,16
49,5
13,17
49,2
13,19
49,1
48,5
48,2
48,1
11,6
39,5
11,2
39,2
11,1
39,1
11,5
38,6
38,5
12,6
38,2
12,2
38,1
12,1
36,5
12,5
36,2
36,1
34,5
34,2
34,1
10,30
33,5
10,18
33,2
10,20
33,1
10,38
32,5
10,24
32,2
10,26
32,1
31,6
10,32
31,5
31,2
31,1
28,2
21,7
21,6
20,5
20,2
21,2
21,1
20,1
21,5
19,10
19,9
19,8
19,7
19,6
19,5
19,2
13,36
19,1
18,7
13,30
18,6
18,5
13,37
18,2
13,50
18,1
13,15
17,8
13,35
17,7
13,33
17,6
13,56
17,5
17,2
13,2
17,1
16,8
16,7
